2.504853284059807006e+00
1.226176639294495718e+00
1.774204788222768781e-01
1.898382319347115432e+00
1.893386274359975641e+00
1.690056417518002840e+00
1.941126867876029838e+00
5.648754025047194594e-01
9.891055536548096216e-02
1.450869993746049191e+00
4.560606720662057634e-01
9.831014790348041599e-02
4.005781873631701351e-01
-7.016382532866314303e-01
2.505009063289863613e-01
-3.118412051541805813e-02
4.027897254364030677e-01
1.381352602261733294e-02
1.553646364685078662e+00
-1.976269280153845731e+00
1.359679564628136550e+00
-1.490588961610594065e+00
-8.329580614613294465e-01
-1.874167718134106542e+00
-1.399590357767571014e+00
-1.765851872726625249e+00
-4.767711721610260689e+00
1.359920860803369158e-01
