6.741967709674338005e-01
7.707870186093421783e-01
6.104920716715496187e-01
6.435429640934996476e-01
5.104076093612063270e-01
7.349384435333772281e-01
5.441078778626027290e-01
9.180148842145632315e-01
9.701348571634510476e-01
4.711215158798062186e-01
8.139381570356358786e-01
5.273118429889007697e-01
6.032404579129954092e-01
1.152368209038097335e+00
2.092615542988869870e-01
1.041936365034203810e-01
2.013843822479506607e-01
1.068688223680209992e+00
1.004370207553946015e+00
1.306760055447326874e+00
1.019539698944825323e+00
8.062717056701770302e-01
6.702432757805690811e-01
8.751112506909399791e-01
1.381881917911294555e-01
6.708063385468869821e-01
2.365095745997206400e+00
2.153864625134226607e+00
7.511282894200804749e-01
1.573735591012512591e+00
1.862279460817102716e+00
1.987618023510936194e+00
2.722336860077913645e+00
9.722313166837542875e-01
4.713997232744032706e-02
1.522966380858839619e+00
1.118604052973743546e+00
8.482988100278142651e-01
1.313772839434293349e+00
2.492206198221015523e+00
1.253260752014212054e+00
6.251182248663386121e-01
1.927533521632871727e+00
1.391414590832824150e+00
1.762975745006931660e+00
2.153189065334645047e+00
5.309269276234989121e-01
2.507840935909418367e-01
1.436740373203094778e+00
8.247794534386665433e-01
7.812800403813228156e-01
6.892652485837169607e-01
2.844280062966206835e+00
1.111582445404120101e+00
3.054183492001523725e-01
1.319599133825705595e+00
1.985877380460193242e+00
1.281840722450179770e+00
1.955504078978061333e+00
5.477485483320487791e-01
2.407934765241673825e-01
1.048042629360580014e+00
1.105036399959900439e+00
3.545858334511762244e-01
5.016368513611185742e-01
-4.577821432332326523e+00
-2.185049078033394210e+00
-3.374294756984461685e-01
-1.134026546310745731e+00
-3.158814446735831893e+00
-3.405909109141388447e-01
-3.487696267756585478e+00
2.468466323825014852e-01
7.002035005238976817e-01
-5.965268797124846367e-01
-1.071085120160140569e+00
-7.623113135807750851e-01
-2.756343186960429903e-01
-7.846545169000970210e-01
-1.853156482316933085e+00
-2.623732656403185981e-01
3.028867552825764697e-01
-3.711126997458202292e-01
1.859564275216109674e+00
7.848375245605265782e-01
-1.509325233548093441e-02
4.337190204475296351e-01
1.264221590894777369e+00
-1.028450897792082958e-01
-2.025873051889819365e-01
3.469310549433631263e-01
1.103248615396469789e+00
1.448413074139332790e-01
5.906676592437573037e-01
9.563158306561543309e-01
6.194391580255250718e-01
1.068136446823843233e+00
-2.795788718521504124e-01
1.044087227820438724e+00
6.152566787383080549e-02
1.199363277396259919e+00
1.666983981217867727e-01
5.232356455002545870e-01
9.767454245199318486e-01
4.447426278493108676e+00
3.193211144920962141e+00
1.169586298658829682e+00
2.872147145815696412e+00
3.284984348322306680e+00
2.855154999068668875e+00
4.170243426202996595e+00
1.773827922980363070e+00
6.369414085099474043e-01
1.718027148992017139e+00
1.750357588788163499e+00
7.000587614117314006e-01
1.644060667616151106e+00
-3.914266453741055862e+00
-8.419279424194368033e-01
5.386488644481741694e-01
-1.441467278448172129e+00
-1.825587324546232182e+00
-2.238131732225002946e+00
-3.718527180824834133e+00
4.223101215642562911e-01
5.161035175530605257e-03
-2.526389625691350949e-01
1.615647334052895956e-01
-1.699942874221919364e+00
-8.998777974161131787e-01
-1.563752551967440452e+00
-4.541368425575021406e-01
2.972946013897375186e-02
-8.919874971140961950e-01
-5.746031672052556161e-01
-1.477094403183421445e+00
-1.661022446117771167e+00
5.421805858307157111e-01
5.326793056100903589e-01
4.972365799318410051e-01
9.742098321387162585e-01
-5.554663014763124851e-01
-1.571009957816633107e-01
9.150439592100712005e+00
5.474282031817417682e+00
2.024407769097118059e+00
2.584648732140509608e+00
5.755873663451628985e+00
4.642608748854288869e+00
1.029137368517760720e+01
-4.589574825518480394e-01
1.182700606366201113e+00
6.501777781449320504e-01
2.214656723018529672e+00
3.043308963356854413e+00
3.033356752207558849e+00
-3.353303237457689434e+00
2.519253173733201567e+00
3.453546698163935114e-01
-5.752348908477668665e+00
-1.298451365625657772e+00
-4.410520630549174648e+00
4.008488572009328621e+00
-9.872161299217642183e-01
1.096445695031890377e+00
8.453687463053505269e-01
3.109928431181578024e+00
4.868251573179714242e+00
-4.885971886613611481e-01
5.477942895468037587e-01
4.924299926628328272e-01
2.212306525930834156e-01
1.693993550534706183e-01
4.482197229833720376e-02
7.403099811336313896e-02
3.192930807501875634e+00
6.969646312567608082e-02
2.211920916631748391e+00
4.151450535345895254e+00
2.242283319060528246e+00
3.201366023213360279e+00
3.779981996446406978e+00
7.431533121451509016e-01
2.600793685385999754e-01
9.843596065778653648e-01
6.225661577054698581e-01
5.718438552542701725e-01
9.124233554734180185e-01
1.066763203998307485e+00
2.911483549653052783e-01
3.614947511240892419e-01
5.124555024907492991e-03
5.313802129717171141e-01
1.082248925019470898e+00
1.286269998931966363e+00
5.155407744674656012e-01
2.297438862010322547e-01
2.449972266070799265e-01
5.718692972197249313e-02
4.386754588175253988e-01
5.397708461000537694e-01
4.318312073495453318e-01
3.745208290292332820e-01
6.478221789333633851e-02
-7.465740541816153764e-01
9.303484459284198926e-02
1.108501488179052807e-01
4.618814423600676178e-01
7.073020798270446274e-01
9.065755412577546357e-01
1.032456828087436662e+00
2.111818572705941588e-01
6.835220296336780299e-01
1.598221666121856233e-01
8.393063676451275601e-01
6.622139534482337497e-01
6.552140487629367627e-01
9.608940730065099745e-01
1.596430903125976686e+00
1.595540304079853033e+00
2.054203240485063198e+00
9.643203580846859690e-01
3.254964412569734122e-01
8.600076827745118946e-01
2.423687832224013516e-01
9.843088532206407670e-01
8.752485771016339511e-01
1.082507992509404326e+00
1.024277473541872707e+00
9.065127652784226164e-01
1.130736583195269818e+00
1.095174007824019968e+00
1.270016546839710880e+00
1.376115149967204632e+00
-1.742616941100932904e-01
5.449195641921660282e-01
3.992181142549095507e-01
6.672081963558558204e-01
3.157762369712783790e-01
9.552991390750582568e-01
1.334800973259424317e-01
8.949905991275385331e-01
-3.932221972234509755e-01
1.151001213199735584e+00
-8.579288571479392056e-01
9.950324144975826179e-01
-6.556130827625471502e-01
3.395418717435462752e-01
2.441641284224213837e-01
4.763079552187009513e-01
4.198211417629320596e-01
9.954667498561542427e-01
8.280967933885962085e-01
-2.643576025282674546e-01
1.082502023652943679e+00
-8.702060344033349937e-01
-4.371131055379742225e-01
1.053397359343367784e-01
9.390235504194286431e-01
5.609167717423469979e-01
2.733583087290820668e-01
9.700425339433510485e-02
3.124638570361810627e-02
9.268671044644393175e-01
6.719082150290521804e-01
6.736567927086194452e-01
5.431847550271884373e-01
5.646399758675261227e-01
1.720778390106590672e-01
8.544747027785793980e-01
1.156739227417290294e+00
1.182260275816689798e+00
5.968990548821445641e-01
1.022161823303989525e+00
2.485671185555984042e-01
9.177674615850612838e-01
9.427666728129008300e-01
8.135983889207817343e-01
1.127837213875150679e+00
-1.699122289546538267e-02
3.045735766633246300e-01
3.684801308253426444e-01
-1.386293704859028697e+00
-1.716402873201320067e-01
-8.863187104519167914e-01
-1.044838468436422585e-01
1.042218279990512864e+00
6.016654300966330915e-01
5.316886230841322281e-01
7.549457693150394277e-01
4.456248744341624879e-01
1.156082055563316224e+00
-2.582170890717900291e-01
5.499287433452203500e-01
-5.819577786654632767e-01
-7.618892148435950640e-01
-1.248517697407795612e+00
1.634508538806428435e-01
-3.076308219875658612e-01
1.159529353793060658e+00
9.201483408446068379e-01
8.995835478873867030e-01
3.425105343296136473e-01
1.170997631881966622e-01
6.465159448183916968e-01
1.825401305698429066e+00
9.370504755308256550e-02
5.753283864062510577e-01
2.611574978431611349e+00
4.622874595920942742e-01
2.072782000815486025e+00
5.297883573929563772e-01
1.640469288484828203e-01
1.054530952207823752e-01
7.003794322325644917e-01
2.552555065813681967e-01
4.500492479138474833e-01
1.098050450389970178e+00
5.433255149036632092e-01
7.329539172773659184e-01
1.481763830234775203e-01
-1.240976018011078041e+00
8.572862255847793489e-02
-4.819321518352207567e-01
1.638882742408334370e-01
5.582187564201657182e-01
6.852137572565547563e-01
7.894439671714753581e-01
2.842634253370138198e-01
4.056798209536869315e-01
3.582914114049681187e-01
2.323973338125500998e+00
-3.409194720500882680e-02
1.530976016997589007e+00
2.490050925843843022e+00
1.893486191969256494e+00
1.334202268632938226e+00
1.170522284197728524e+00
1.581368370102648191e-01
-2.868217401953202517e-01
2.792632298021740511e-01
-1.246283035313052040e-01
-7.556348608040848458e-02
-1.088969559576186796e+00
2.581895505851710126e+00
-1.801329105958992205e+00
1.493037757059543447e+00
2.947401478016011378e+00
1.936817990217817975e+00
1.865548027329275715e+00
2.276472609089760457e+00
